10.000000 0.448057
20.000000 0.547914
30.000000 0.654330
40.000000 0.762864
50.000000 0.589755
60.000000 0.176034
70.000000 0.196416
80.000000 0.303634
90.000000 0.324982
100.000000 0.336033
110.000000 0.329803
120.000000 0.340746
130.000000 0.359909
140.000000 0.361558
150.000000 0.348544
160.000000 0.354319
170.000000 0.346138
180.000000 0.301170
190.000000 0.349369
200.000000 0.425571
210.000000 0.424553
220.000000 0.410806
230.000000 0.408506
240.000000 0.409868
250.000000 0.408287
260.000000 0.397719
270.000000 0.398600
280.000000 0.403893
290.000000 0.404421
300.000000 0.402759
310.000000 0.405596
320.000000 0.415746
330.000000 0.419923
340.000000 0.418462
350.000000 0.419238
360.000000 0.425884
370.000000 0.474779
380.000000 0.503917
390.000000 0.439133
400.000000 0.390129
410.000000 0.419390
420.000000 0.440154
430.000000 0.446895
440.000000 0.450238
450.000000 0.453001
460.000000 0.458839
470.000000 0.463291
480.000000 0.465660
490.000000 0.468425
500.000000 0.475050
510.000000 0.482311
520.000000 0.494746
530.000000 0.487203
540.000000 0.527999
550.000000 0.543000
560.000000 0.407415
570.000000 0.398798
580.000000 0.521545
590.000000 0.555908
600.000000 0.568074
610.000000 0.575545
620.000000 0.585250
630.000000 0.598610
640.000000 0.609235
650.000000 0.618805
660.000000 0.629343
670.000000 0.641286
680.000000 0.657961
690.000000 0.675609
700.000000 0.692521
710.000000 0.707055
720.000000 0.724474
730.000000 0.745878
740.000000 0.781300
750.000000 0.812763
760.000000 0.827167
770.000000 0.841955
780.000000 0.873288
790.000000 0.902597
800.000000 0.940304
810.000000 0.980597
820.000000 1.029913
830.000000 1.076085
840.000000 1.136107
850.000000 1.209689
860.000000 1.299805
870.000000 1.372362
880.000000 1.475424
890.000000 1.589585
900.000000 1.751604
910.000000 1.919402
920.000000 2.178321
930.000000 2.415293
940.000000 2.861402
950.000000 3.320545
960.000000 4.384127
970.000000 5.445340
980.000000 10.747953
990.000000 20.354376
1000.000000 25.010478
1010.000000 20.128393
1020.000000 10.469089
1030.000000 5.166237
1040.000000 4.105961
1050.000000 3.042859
1060.000000 2.585609
1070.000000 2.128720
1080.000000 1.875573
1090.000000 1.627167
1100.000000 1.466939
1110.000000 1.298200
1120.000000 1.185294
1130.000000 1.084533
1140.000000 1.016957
1150.000000 0.938850
1160.000000 0.864614
1170.000000 0.792544
1180.000000 0.746841
1190.000000 0.698785
1200.000000 0.653493
1210.000000 0.615158
1220.000000 0.585523
1230.000000 0.551917
1240.000000 0.524252
1250.000000 0.498364
1260.000000 0.469422
1270.000000 0.449569
1280.000000 0.433786
1290.000000 0.399980
1300.000000 0.387010
1310.000000 0.379265
1320.000000 0.362433
1330.000000 0.348553
1340.000000 0.335349
1350.000000 0.320552
1360.000000 0.306537
1370.000000 0.293460
1380.000000 0.283722
1390.000000 0.273547
1400.000000 0.263842
1410.000000 0.255205
1420.000000 0.245366
1430.000000 0.235519
1440.000000 0.226707
1450.000000 0.215293
1460.000000 0.208408
1470.000000 0.201247
1480.000000 0.191398
1490.000000 0.185217
1500.000000 0.182063
1510.000000 0.178319
1520.000000 0.173263
1530.000000 0.166402
1540.000000 0.159630
1550.000000 0.153035
1560.000000 0.146945
1570.000000 0.142377
1580.000000 0.138472
1590.000000 0.132660
1600.000000 0.125910
1610.000000 0.121905
1620.000000 0.120302
1630.000000 0.115460
1640.000000 0.112311
1650.000000 0.110258
1660.000000 0.104926
1670.000000 0.100568
1680.000000 0.097173
1690.000000 0.092864
1700.000000 0.090512
1710.000000 0.088923
1720.000000 0.086174
1730.000000 0.082989
1740.000000 0.079725
1750.000000 0.075803
1760.000000 0.071154
1770.000000 0.067617
1780.000000 0.065296
1790.000000 0.061914
1800.000000 0.058949
1810.000000 0.057335
1820.000000 0.054852
1830.000000 0.051790
1840.000000 0.050312
1850.000000 0.048312
1860.000000 0.045821
1870.000000 0.043190
1880.000000 0.040300
1890.000000 0.039447
1900.000000 0.038116
1910.000000 0.034447
1920.000000 0.032275
1930.000000 0.030991
1940.000000 0.028053
1950.000000 0.024927
1960.000000 0.022533
1970.000000 0.019506
1980.000000 0.017753
1990.000000 0.017248
2000.000000 0.015551
2010.000000 0.014131
2020.000000 0.013532
2030.000000 0.011844
2040.000000 0.008242
2050.000000 0.004450
2060.000000 0.002678
2070.000000 0.001929
2080.000000 0.001758
2090.000000 0.002901
2100.000000 0.004838
2110.000000 0.006739
2120.000000 0.008535
2130.000000 0.010006
2140.000000 0.011035
2150.000000 0.012417
2160.000000 0.014811
2170.000000 0.016888
2180.000000 0.018251
2190.000000 0.018776
2200.000000 0.018031
2210.000000 0.020624
2220.000000 0.026099
2230.000000 0.027824
2240.000000 0.027651
2250.000000 0.028547
2260.000000 0.030605
2270.000000 0.035034
2280.000000 0.037352
2290.000000 0.038113
2300.000000 0.039873
2310.000000 0.041657
2320.000000 0.045040
2330.000000 0.047957
2340.000000 0.049566
2350.000000 0.050795
2360.000000 0.052074
2370.000000 0.053812
2380.000000 0.055315
2390.000000 0.057409
2400.000000 0.059671
2410.000000 0.062168
2420.000000 0.066309
2430.000000 0.069354
2440.000000 0.070261
2450.000000 0.071497
2460.000000 0.073642
2470.000000 0.075695
2480.000000 0.077941
2490.000000 0.079585
2500.000000 0.082618
2510.000000 0.087034
2520.000000 0.091046
2530.000000 0.094857
2540.000000 0.097145
2550.000000 0.098893
2560.000000 0.101983
2570.000000 0.105501
2580.000000 0.110552
2590.000000 0.114486
2600.000000 0.116971
2610.000000 0.120592
2620.000000 0.125235
2630.000000 0.130501
2640.000000 0.136081
2650.000000 0.140051
2660.000000 0.144013
2670.000000 0.148561
2680.000000 0.154861
2690.000000 0.160961
2700.000000 0.167200
2710.000000 0.174107
2720.000000 0.181915
2730.000000 0.189722
2740.000000 0.198205
2750.000000 0.205339
2760.000000 0.213924
2770.000000 0.223999
2780.000000 0.235686
2790.000000 0.246893
2800.000000 0.259988
2810.000000 0.272307
2820.000000 0.289077
2830.000000 0.306437
2840.000000 0.327776
2850.000000 0.350217
2860.000000 0.378597
2870.000000 0.405150
2880.000000 0.441670
2890.000000 0.479574
2900.000000 0.534640
2910.000000 0.588301
2920.000000 0.671966
2930.000000 0.757108
2940.000000 0.909663
2950.000000 1.061627
2960.000000 1.415613
2970.000000 1.769334
2980.000000 3.538411
2990.000000 6.750297
3000.000000 8.336664
3010.000000 6.743347
3020.000000 3.532554
3030.000000 1.764423
3040.000000 1.411454
3050.000000 1.057234
3060.000000 0.903760
3070.000000 0.750553
3080.000000 0.666203
3090.000000 0.583333
3100.000000 0.530365
3110.000000 0.475383
3120.000000 0.436935
3130.000000 0.399382
3140.000000 0.372536
3150.000000 0.346519
3160.000000 0.325183
3170.000000 0.302447
3180.000000 0.286240
3190.000000 0.271247
3200.000000 0.257844
3210.000000 0.243649
3220.000000 0.231169
3230.000000 0.219184
3240.000000 0.210248
3250.000000 0.200894
3260.000000 0.192547
3270.000000 0.183779
3280.000000 0.175692
3290.000000 0.168821
3300.000000 0.164007
3310.000000 0.158815
3320.000000 0.153528
3330.000000 0.147371
3340.000000 0.141793
3350.000000 0.137184
3360.000000 0.133250
3370.000000 0.128470
3380.000000 0.124170
3390.000000 0.119918
3400.000000 0.115854
3410.000000 0.112713
3420.000000 0.109558
3430.000000 0.105493
3440.000000 0.102319
3450.000000 0.099409
3460.000000 0.096023
3470.000000 0.093391
3480.000000 0.092062
3490.000000 0.089926
3500.000000 0.087212
3510.000000 0.084427
3520.000000 0.081588
3530.000000 0.079306
3540.000000 0.077454
3550.000000 0.075818
3560.000000 0.074672
3570.000000 0.072757
3580.000000 0.069655
3590.000000 0.066105
3600.000000 0.063692
3610.000000 0.062097
3620.000000 0.060445
3630.000000 0.058870
3640.000000 0.057836
3650.000000 0.056546
3660.000000 0.055469
3670.000000 0.054256
3680.000000 0.052413
3690.000000 0.050512
3700.000000 0.048150
3710.000000 0.046219
3720.000000 0.045919
3730.000000 0.046015
3740.000000 0.045578
3750.000000 0.043476
3760.000000 0.040505
3770.000000 0.039172
3780.000000 0.039029
3790.000000 0.038447
3800.000000 0.036530
3810.000000 0.034309
3820.000000 0.033384
3830.000000 0.033346
3840.000000 0.032719
3850.000000 0.030604
3860.000000 0.029542
3870.000000 0.029696
3880.000000 0.029187
3890.000000 0.028759
3900.000000 0.027002
3910.000000 0.023287
3920.000000 0.020243
3930.000000 0.019708
3940.000000 0.020655
3950.000000 0.020536
3960.000000 0.019437
3970.000000 0.017823
3980.000000 0.015454
3990.000000 0.014126
4000.000000 0.014904
4010.000000 0.015301
4020.000000 0.014570
4030.000000 0.012721
4040.000000 0.010151
4050.000000 0.009199
4060.000000 0.008437
4070.000000 0.007197
4080.000000 0.007289
4090.000000 0.007449
4100.000000 0.006919
4110.000000 0.006184
4120.000000 0.005307
4130.000000 0.003838
4140.000000 0.002025
4150.000000 0.000950
4160.000000 0.000868
4170.000000 0.000920
4180.000000 0.001602
4190.000000 0.002753
4200.000000 0.003951
4210.000000 0.005013
4220.000000 0.006146
4230.000000 0.007639
4240.000000 0.008686
4250.000000 0.009420
4260.000000 0.010520
4270.000000 0.011449
4280.000000 0.012387
4290.000000 0.012964
4300.000000 0.013564
4310.000000 0.015379
4320.000000 0.017032
4330.000000 0.018564
4340.000000 0.020478
4350.000000 0.021397
4360.000000 0.021469
4370.000000 0.022312
4380.000000 0.023989
4390.000000 0.025368
4400.000000 0.026759
4410.000000 0.027516
4420.000000 0.027782
4430.000000 0.029306
4440.000000 0.030819
4450.000000 0.031350
4460.000000 0.033415
4470.000000 0.036673
4480.000000 0.038846
4490.000000 0.040174
4500.000000 0.041348
4510.000000 0.042338
4520.000000 0.044172
4530.000000 0.046299
4540.000000 0.048320
4550.000000 0.050232
4560.000000 0.052183
4570.000000 0.054078
4580.000000 0.055711
4590.000000 0.057584
4600.000000 0.060096
4610.000000 0.061990
4620.000000 0.064275
4630.000000 0.066918
4640.000000 0.068923
4650.000000 0.071769
4660.000000 0.076256
4670.000000 0.079779
4680.000000 0.082399
4690.000000 0.084960
4700.000000 0.088837
4710.000000 0.093265
4720.000000 0.097367
4730.000000 0.100926
4740.000000 0.106244
4750.000000 0.112354
4760.000000 0.118522
4770.000000 0.123393
4780.000000 0.129557
4790.000000 0.137188
4800.000000 0.145744
4810.000000 0.152962
4820.000000 0.162569
4830.000000 0.173212
4840.000000 0.187344
4850.000000 0.201294
4860.000000 0.216704
4870.000000 0.231940
4880.000000 0.255187
4890.000000 0.277650
4900.000000 0.310029
4910.000000 0.343821
4920.000000 0.394955
4930.000000 0.445138
4940.000000 0.535564
4950.000000 0.626295
4960.000000 0.838839
4970.000000 1.051983
4980.000000 2.113753
4990.000000 4.041784
5000.000000 5.000196
5010.000000 4.053786
5020.000000 2.131178
5030.000000 1.068430
5040.000000 0.855497
5050.000000 0.643821
5060.000000 0.553330
5070.000000 0.461995
5080.000000 0.411055
5090.000000 0.360844
5100.000000 0.328721
5110.000000 0.295432
5120.000000 0.273645
5130.000000 0.252884
5140.000000 0.235864
5150.000000 0.218043
5160.000000 0.204816
5170.000000 0.192474
5180.000000 0.182709
5190.000000 0.172242
5200.000000 0.164211
5210.000000 0.156894
5220.000000 0.150099
5230.000000 0.142283
5240.000000 0.135564
5250.000000 0.129187
5260.000000 0.124143
5270.000000 0.119669
5280.000000 0.115180
5290.000000 0.111227
5300.000000 0.108739
5310.000000 0.105125
5320.000000 0.101960
5330.000000 0.099067
5340.000000 0.096089
5350.000000 0.092691
5360.000000 0.088661
5370.000000 0.085079
5380.000000 0.083125
5390.000000 0.081098
5400.000000 0.078899
5410.000000 0.076925
5420.000000 0.075175
5430.000000 0.072783
5440.000000 0.069842
5450.000000 0.067496
5460.000000 0.066553
5470.000000 0.065273
5480.000000 0.063210
5490.000000 0.061931
5500.000000 0.061157
5510.000000 0.059770
5520.000000 0.058177
5530.000000 0.056331
5540.000000 0.054352
5550.000000 0.053008
5560.000000 0.052478
5570.000000 0.050697
5580.000000 0.048449
5590.000000 0.047790
5600.000000 0.047600
5610.000000 0.046715
5620.000000 0.045337
5630.000000 0.043760
5640.000000 0.042791
5650.000000 0.041816
5660.000000 0.041408
5670.000000 0.041341
5680.000000 0.040030
5690.000000 0.038600
5700.000000 0.037502
5710.000000 0.036538
5720.000000 0.036002
5730.000000 0.036103
5740.000000 0.035486
5750.000000 0.032927
5760.000000 0.031163
5770.000000 0.030687
5780.000000 0.030126
5790.000000 0.029625
5800.000000 0.029528
5810.000000 0.029355
5820.000000 0.028259
5830.000000 0.027527
5840.000000 0.027545
5850.000000 0.026432
5860.000000 0.024492
5870.000000 0.023481
5880.000000 0.023503
5890.000000 0.023060
5900.000000 0.021988
5910.000000 0.021461
5920.000000 0.020677
5930.000000 0.019285
5940.000000 0.019095
5950.000000 0.019746
5960.000000 0.018931
5970.000000 0.017233
5980.000000 0.016509
5990.000000 0.015750
6000.000000 0.014734
6010.000000 0.013943
6020.000000 0.013084
6030.000000 0.012733
6040.000000 0.012807
6050.000000 0.012049
6060.000000 0.010707
6070.000000 0.009894
6080.000000 0.008747
6090.000000 0.007689
6100.000000 0.008122
6110.000000 0.008133
6120.000000 0.006443
6130.000000 0.005146
6140.000000 0.005198
6150.000000 0.005074
6160.000000 0.004872
6170.000000 0.004079
6180.000000 0.003741
6190.000000 0.004290
6200.000000 0.004339
6210.000000 0.003384
6220.000000 0.001728
6230.000000 0.000350
6240.000000 0.000749
6250.000000 0.000994
6260.000000 0.000128
6270.000000 0.001697
6280.000000 0.002925
6290.000000 0.004649
6300.000000 0.005726
6310.000000 0.005012
6320.000000 0.004848
6330.000000 0.006437
6340.000000 0.008122
6350.000000 0.009639
6360.000000 0.010439
6370.000000 0.010507
6380.000000 0.010647
6390.000000 0.011121
6400.000000 0.012552
6410.000000 0.013823
6420.000000 0.014136
6430.000000 0.014617
6440.000000 0.015664
6450.000000 0.017164
6460.000000 0.019189
6470.000000 0.020413
6480.000000 0.020243
6490.000000 0.020897
6500.000000 0.022928
6510.000000 0.024016
6520.000000 0.024865
6530.000000 0.026643
6540.000000 0.028077
6550.000000 0.028152
6560.000000 0.029008
6570.000000 0.031544
6580.000000 0.033225
6590.000000 0.034070
6600.000000 0.036002
6610.000000 0.037693
6620.000000 0.039371
6630.000000 0.041330
6640.000000 0.043824
6650.000000 0.046517
6660.000000 0.048518
6670.000000 0.050246
6680.000000 0.052401
6690.000000 0.054395
6700.000000 0.056252
6710.000000 0.058619
6720.000000 0.062564
6730.000000 0.066107
6740.000000 0.069771
6750.000000 0.073610
6760.000000 0.077427
6770.000000 0.081068
6780.000000 0.085992
6790.000000 0.091220
6800.000000 0.097307
6810.000000 0.103904
6820.000000 0.111500
6830.000000 0.118204
6840.000000 0.127161
6850.000000 0.135987
6860.000000 0.147846
6870.000000 0.159859
6880.000000 0.175694
6890.000000 0.191887
6900.000000 0.214919
6910.000000 0.237937
6920.000000 0.274506
6930.000000 0.311354
6940.000000 0.376965
6950.000000 0.441761
6960.000000 0.592935
6970.000000 0.744298
6980.000000 1.502872
6990.000000 2.881802
7000.000000 3.572464
7010.000000 2.901445
7020.000000 1.527798
7030.000000 0.769556
7040.000000 0.617552
7050.000000 0.465799
7060.000000 0.401450
7070.000000 0.336526
7080.000000 0.299782
7090.000000 0.263547
7100.000000 0.240661
7110.000000 0.217836
7120.000000 0.201508
7130.000000 0.184497
7140.000000 0.172238
7150.000000 0.160403
7160.000000 0.151305
7170.000000 0.142251
7180.000000 0.135551
7190.000000 0.129032
7200.000000 0.123002
7210.000000 0.116653
7220.000000 0.111911
7230.000000 0.107900
7240.000000 0.104477
7250.000000 0.099649
7260.000000 0.095062
7270.000000 0.091636
7280.000000 0.088813
7290.000000 0.085233
7300.000000 0.082780
7310.000000 0.081262
7320.000000 0.078426
7330.000000 0.074708
7340.000000 0.072635
7350.000000 0.071382
7360.000000 0.069823
7370.000000 0.067770
7380.000000 0.066382
7390.000000 0.064642
7400.000000 0.062687
7410.000000 0.061578
7420.000000 0.060710
7430.000000 0.058551
7440.000000 0.056056
7450.000000 0.054492
7460.000000 0.053182
7470.000000 0.051845
7480.000000 0.051068
7490.000000 0.050507
7500.000000 0.049630
7510.000000 0.048668
7520.000000 0.048169
7530.000000 0.047168
7540.000000 0.045682
7550.000000 0.044579
7560.000000 0.043919
7570.000000 0.043028
7580.000000 0.041810
7590.000000 0.040431
7600.000000 0.039314
7610.000000 0.039053
7620.000000 0.038809
7630.000000 0.038074
7640.000000 0.037202
7650.000000 0.035729
7660.000000 0.034530
7670.000000 0.034011
7680.000000 0.033421
7690.000000 0.032806
7700.000000 0.031747
7710.000000 0.030942
7720.000000 0.031190
7730.000000 0.031334
7740.000000 0.030847
7750.000000 0.029126
7760.000000 0.027992
7770.000000 0.028326
7780.000000 0.028101
7790.000000 0.027454
7800.000000 0.027049
7810.000000 0.027249
7820.000000 0.027203
7830.000000 0.025745
7840.000000 0.024140
7850.000000 0.023348
7860.000000 0.022989
7870.000000 0.022725
7880.000000 0.022495
7890.000000 0.022091
7900.000000 0.021481
7910.000000 0.020827
7920.000000 0.020158
7930.000000 0.019277
7940.000000 0.018191
7950.000000 0.017671
7960.000000 0.017094
7970.000000 0.016782
7980.000000 0.017365
7990.000000 0.017623
8000.000000 0.017798
8010.000000 0.017627
8020.000000 0.016212
8030.000000 0.014719
8040.000000 0.014419
8050.000000 0.013939
8060.000000 0.012937
8070.000000 0.012946
8080.000000 0.013303
8090.000000 0.012787
8100.000000 0.012220
8110.000000 0.011892
8120.000000 0.010680
8130.000000 0.008972
8140.000000 0.008423
8150.000000 0.008798
8160.000000 0.008602
8170.000000 0.007839
8180.000000 0.007856
8190.000000 0.008005
8200.000000 0.007000
8210.000000 0.005204
8220.000000 0.003977
8230.000000 0.004388
8240.000000 0.004408
8250.000000 0.003823
8260.000000 0.003590
8270.000000 0.003085
8280.000000 0.002159
8290.000000 0.001407
8300.000000 0.000997
8310.000000 0.000924
8320.000000 0.001000
8330.000000 0.001198
8340.000000 0.001929
8350.000000 0.002428
8360.000000 0.002842
8370.000000 0.003157
8380.000000 0.002940
8390.000000 0.003871
8400.000000 0.005986
8410.000000 0.007019
8420.000000 0.007348
8430.000000 0.007699
8440.000000 0.007887
8450.000000 0.008394
8460.000000 0.009517
8470.000000 0.010947
8480.000000 0.011843
8490.000000 0.011846
8500.000000 0.011946
8510.000000 0.013085
8520.000000 0.014588
8530.000000 0.015818
8540.000000 0.016991
8550.000000 0.017688
8560.000000 0.018414
8570.000000 0.019866
8580.000000 0.021675
8590.000000 0.022912
8600.000000 0.024216
8610.000000 0.025492
8620.000000 0.026438
8630.000000 0.027852
8640.000000 0.029815
8650.000000 0.031257
8660.000000 0.032607
8670.000000 0.033892
8680.000000 0.035682
8690.000000 0.038151
8700.000000 0.041061
8710.000000 0.044285
8720.000000 0.046688
8730.000000 0.047548
8740.000000 0.049537
8750.000000 0.052253
8760.000000 0.055612
8770.000000 0.059072
8780.000000 0.062815
8790.000000 0.066905
8800.000000 0.071289
8810.000000 0.075071
8820.000000 0.080789
8830.000000 0.087013
8840.000000 0.094137
8850.000000 0.101324
8860.000000 0.110848
8870.000000 0.119596
8880.000000 0.131789
8890.000000 0.144704
8900.000000 0.162851
8910.000000 0.180467
8920.000000 0.208415
8930.000000 0.237071
8940.000000 0.288095
8950.000000 0.338633
8960.000000 0.456401
8970.000000 0.574470
8980.000000 1.164754
8990.000000 2.237982
9000.000000 2.778094
9010.000000 2.260325
9020.000000 1.193258
9030.000000 0.603131
9040.000000 0.484948
9050.000000 0.366826
9060.000000 0.315770
9070.000000 0.264907
9080.000000 0.237146
9090.000000 0.209815
9100.000000 0.191891
9110.000000 0.173629
9120.000000 0.161132
9130.000000 0.148279
9140.000000 0.138879
9150.000000 0.129612
9160.000000 0.122971
9170.000000 0.116610
9180.000000 0.110552
9190.000000 0.104374
9200.000000 0.099746
9210.000000 0.095226
9220.000000 0.091817
9230.000000 0.088426
9240.000000 0.085317
9250.000000 0.081952
9260.000000 0.079178
9270.000000 0.076616
9280.000000 0.074390
9290.000000 0.071698
9300.000000 0.069122
9310.000000 0.067253
9320.000000 0.066139
9330.000000 0.064751
9340.000000 0.062679
9350.000000 0.060065
9360.000000 0.058257
9370.000000 0.057289
9380.000000 0.055957
9390.000000 0.054229
9400.000000 0.053225
9410.000000 0.052107
9420.000000 0.050708
9430.000000 0.049675
9440.000000 0.049159
9450.000000 0.048078
9460.000000 0.046694
9470.000000 0.045462
9480.000000 0.044250
9490.000000 0.043663
9500.000000 0.043149
9510.000000 0.042460
9520.000000 0.042245
9530.000000 0.041293
9540.000000 0.039693
9550.000000 0.039018
9560.000000 0.038632
9570.000000 0.037187
9580.000000 0.035639
9590.000000 0.034818
9600.000000 0.034710
9610.000000 0.034402
9620.000000 0.033797
9630.000000 0.033228
9640.000000 0.032426
9650.000000 0.032040
9660.000000 0.031964
9670.000000 0.031478
9680.000000 0.030792
9690.000000 0.029988
9700.000000 0.029530
9710.000000 0.029349
9720.000000 0.028747
9730.000000 0.028044
9740.000000 0.027299
9750.000000 0.026579
9760.000000 0.026390
9770.000000 0.025735
9780.000000 0.024430
9790.000000 0.023735
9800.000000 0.023803
9810.000000 0.024028
9820.000000 0.023942
9830.000000 0.023276
9840.000000 0.022340
9850.000000 0.021828
9860.000000 0.021911
9870.000000 0.021507
9880.000000 0.020787
9890.000000 0.020998
9900.000000 0.021125
9910.000000 0.020309
9920.000000 0.019749
9930.000000 0.019584
9940.000000 0.019123
9950.000000 0.019047
9960.000000 0.019418
9970.000000 0.018944
9980.000000 0.017768
9990.000000 0.017316
10000.000000 0.017740
10010.000000 0.017975
10020.000000 0.017503
10030.000000 0.016402
10040.000000 0.014803
10050.000000 0.014095
10060.000000 0.014254
10070.000000 0.013918
10080.000000 0.013897
10090.000000 0.014048
10100.000000 0.014272
10110.000000 0.014401
10120.000000 0.013758
10130.000000 0.012549
10140.000000 0.011151
10150.000000 0.010698
10160.000000 0.010538
10170.000000 0.009996
10180.000000 0.009455
10190.000000 0.009124
10200.000000 0.009024
10210.000000 0.008364
10220.000000 0.008196
10230.000000 0.008464
10240.000000 0.008121
10250.000000 0.007416
10260.000000 0.006316
10270.000000 0.005540
10280.000000 0.005328
10290.000000 0.005337
10300.000000 0.005398
10310.000000 0.005199
10320.000000 0.004504
10330.000000 0.003312
10340.000000 0.002220
10350.000000 0.001474
10360.000000 0.000749
10370.000000 0.001435
10380.000000 0.001462
10390.000000 0.000808
10400.000000 0.000743
10410.000000 0.001168
10420.000000 0.001732
10430.000000 0.002280
10440.000000 0.002759
10450.000000 0.003710
10460.000000 0.004707
10470.000000 0.004651
10480.000000 0.004594
10490.000000 0.005511
10500.000000 0.006740
10510.000000 0.007502
10520.000000 0.008101
10530.000000 0.009205
10540.000000 0.010715
10550.000000 0.011914
10560.000000 0.012104
10570.000000 0.011945
10580.000000 0.012796
10590.000000 0.013864
10600.000000 0.014934
10610.000000 0.016281
10620.000000 0.017739
10630.000000 0.019254
10640.000000 0.020494
10650.000000 0.021307
10660.000000 0.022585
10670.000000 0.023647
10680.000000 0.024376
10690.000000 0.025802
10700.000000 0.028167
10710.000000 0.030512
10720.000000 0.032636
10730.000000 0.035145
10740.000000 0.037982
10750.000000 0.039355
10760.000000 0.041382
10770.000000 0.044071
10780.000000 0.046929
10790.000000 0.050433
10800.000000 0.054342
10810.000000 0.057157
10820.000000 0.061261
10830.000000 0.066355
10840.000000 0.072549
10850.000000 0.078499
10860.000000 0.086079
10870.000000 0.093117
10880.000000 0.103014
10890.000000 0.113810
10900.000000 0.129356
10910.000000 0.144694
10920.000000 0.168113
10930.000000 0.190723
10940.000000 0.231217
10950.000000 0.272342
10960.000000 0.369169
10970.000000 0.465985
10980.000000 0.948633
10990.000000 1.827415
11000.000000 2.272197
11010.000000 1.853017
11020.000000 0.981004
11030.000000 0.498359
11040.000000 0.402254
11050.000000 0.304902
11060.000000 0.262880
11070.000000 0.221305
11080.000000 0.197761
11090.000000 0.174813
11100.000000 0.160479
11110.000000 0.146744
11120.000000 0.137462
11130.000000 0.126782
11140.000000 0.118354
11150.000000 0.110586
11160.000000 0.105306
11170.000000 0.099807
11180.000000 0.094709
11190.000000 0.089722
11200.000000 0.086824
11210.000000 0.084203
11220.000000 0.080599
11230.000000 0.076589
11240.000000 0.073934
11250.000000 0.070851
11260.000000 0.068290
11270.000000 0.066714
11280.000000 0.064971
11290.000000 0.062762
11300.000000 0.061097
11310.000000 0.059404
11320.000000 0.058200
11330.000000 0.056473
11340.000000 0.054097
11350.000000 0.053015
11360.000000 0.052669
11370.000000 0.051230
11380.000000 0.049597
11390.000000 0.048504
11400.000000 0.047726
11410.000000 0.046647
11420.000000 0.045541
11430.000000 0.044877
11440.000000 0.044199
11450.000000 0.043035
11460.000000 0.042293
11470.000000 0.042109
11480.000000 0.041581
11490.000000 0.040520
11500.000000 0.039752
11510.000000 0.039051
11520.000000 0.038396
11530.000000 0.037528
11540.000000 0.036579
11550.000000 0.036258
11560.000000 0.035758
11570.000000 0.035166
11580.000000 0.034974
11590.000000 0.034498
11600.000000 0.033822
11610.000000 0.032924
11620.000000 0.032263
11630.000000 0.031704
11640.000000 0.030659
11650.000000 0.029733
11660.000000 0.029437
11670.000000 0.029598
11680.000000 0.029585
11690.000000 0.029182
11700.000000 0.028692
11710.000000 0.027854
11720.000000 0.027126
11730.000000 0.027264
11740.000000 0.027359
11750.000000 0.027015
11760.000000 0.026515
11770.000000 0.026054
11780.000000 0.025720
11790.000000 0.024901
11800.000000 0.024299
11810.000000 0.024124
11820.000000 0.024165
11830.000000 0.024088
11840.000000 0.023155
11850.000000 0.022606
11860.000000 0.022683
11870.000000 0.022392
11880.000000 0.022105
11890.000000 0.021720
11900.000000 0.021625
11910.000000 0.021473
11920.000000 0.020413
11930.000000 0.019836
11940.000000 0.019930
11950.000000 0.019677
11960.000000 0.019376
11970.000000 0.019308
11980.000000 0.019129
11990.000000 0.018463
12000.000000 0.017890
12010.000000 0.017743
12020.000000 0.017613
12030.000000 0.017373
12040.000000 0.016676
12050.000000 0.015898
12060.000000 0.015552
12070.000000 0.015741
12080.000000 0.015823
12090.000000 0.014977
12100.000000 0.014638
12110.000000 0.015103
12120.000000 0.015114
12130.000000 0.014418
12140.000000 0.013593
12150.000000 0.012916
12160.000000 0.011829
12170.000000 0.010794
12180.000000 0.010689
12190.000000 0.011122
12200.000000 0.010593
12210.000000 0.010029
12220.000000 0.010313
12230.000000 0.009780
12240.000000 0.008951
12250.000000 0.008709
12260.000000 0.008663
12270.000000 0.009136
12280.000000 0.009218
12290.000000 0.008113
12300.000000 0.007490
12310.000000 0.007983
12320.000000 0.007632
12330.000000 0.006575
12340.000000 0.006267
12350.000000 0.006151
12360.000000 0.005723
12370.000000 0.005426
12380.000000 0.004893
12390.000000 0.004138
12400.000000 0.003488
12410.000000 0.003177
12420.000000 0.002803
12430.000000 0.001916
12440.000000 0.001193
12450.000000 0.001458
12460.000000 0.001284
12470.000000 0.000675
12480.000000 0.000592
12490.000000 0.001035
12500.000000 0.001745
12510.000000 0.002785
12520.000000 0.003608
12530.000000 0.003850
12540.000000 0.004609
12550.000000 0.005609
12560.000000 0.006110
12570.000000 0.006516
12580.000000 0.007172
12590.000000 0.007922
12600.000000 0.008686
12610.000000 0.009441
12620.000000 0.010593
12630.000000 0.012262
12640.000000 0.013796
12650.000000 0.014415
12660.000000 0.015375
12670.000000 0.016637
12680.000000 0.017395
12690.000000 0.018532
12700.000000 0.020381
12710.000000 0.021945
12720.000000 0.023495
12730.000000 0.025056
12740.000000 0.027154
12750.000000 0.029110
12760.000000 0.031263
12770.000000 0.033336
12780.000000 0.035747
12790.000000 0.038474
12800.000000 0.041827
12810.000000 0.045140
12820.000000 0.048847
12830.000000 0.052894
12840.000000 0.058159
12850.000000 0.062427
12860.000000 0.068393
12870.000000 0.075103
12880.000000 0.084169
12890.000000 0.093314
12900.000000 0.105387
12910.000000 0.117162
12920.000000 0.137014
12930.000000 0.156958
12940.000000 0.192195
12950.000000 0.227040
12960.000000 0.308207
12970.000000 0.390251
12980.000000 0.798973
12990.000000 1.543035
13000.000000 1.923226
13010.000000 1.570861
13020.000000 0.833247
13030.000000 0.425295
13040.000000 0.343351
13050.000000 0.260440
13060.000000 0.226112
13070.000000 0.192741
13080.000000 0.173528
13090.000000 0.153477
13100.000000 0.140305
13110.000000 0.127055
13120.000000 0.118442
13130.000000 0.110800
13140.000000 0.104579
13150.000000 0.098029
13160.000000 0.093114
13170.000000 0.087759
13180.000000 0.084576
13190.000000 0.081330
13200.000000 0.077473
13210.000000 0.074041
13220.000000 0.071491
13230.000000 0.069076
13240.000000 0.067216
13250.000000 0.064752
13260.000000 0.062790
13270.000000 0.061179
13280.000000 0.059272
13290.000000 0.057790
13300.000000 0.056892
13310.000000 0.054928
13320.000000 0.053196
13330.000000 0.052380
13340.000000 0.051343
13350.000000 0.049909
13360.000000 0.048553
13370.000000 0.046859
13380.000000 0.045746
13390.000000 0.045234
13400.000000 0.044311
13410.000000 0.043273
13420.000000 0.042973
13430.000000 0.042801
13440.000000 0.042181
13450.000000 0.041499
13460.000000 0.040668
13470.000000 0.039737
13480.000000 0.039018
13490.000000 0.037944
13500.000000 0.037193
13510.000000 0.036774
13520.000000 0.036140
13530.000000 0.035791
13540.000000 0.035693
13550.000000 0.034987
13560.000000 0.034073
13570.000000 0.033677
13580.000000 0.033689
13590.000000 0.033401
13600.000000 0.032480
13610.000000 0.031579
13620.000000 0.031210
13630.000000 0.030653
13640.000000 0.030309
13650.000000 0.030774
13660.000000 0.030706
13670.000000 0.029796
13680.000000 0.028573
13690.000000 0.027852
13700.000000 0.028061
13710.000000 0.028282
13720.000000 0.028104
13730.000000 0.027759
13740.000000 0.027610
13750.000000 0.027069
13760.000000 0.026403
13770.000000 0.025791
13780.000000 0.025200
13790.000000 0.025202
13800.000000 0.025252
13810.000000 0.024896
13820.000000 0.024301
13830.000000 0.023952
13840.000000 0.023720
13850.000000 0.023449
13860.000000 0.023387
13870.000000 0.023288
13880.000000 0.023171
13890.000000 0.022986
13900.000000 0.022674
13910.000000 0.021858
13920.000000 0.020804
13930.000000 0.021157
13940.000000 0.021718
13950.000000 0.021204
13960.000000 0.020970
13970.000000 0.020738
13980.000000 0.019812
13990.000000 0.019257
14000.000000 0.019612
14010.000000 0.019903
14020.000000 0.019629
14030.000000 0.019116
14040.000000 0.018698
14050.000000 0.018549
14060.000000 0.018072
14070.000000 0.017081
14080.000000 0.016419
14090.000000 0.016392
14100.000000 0.016538
14110.000000 0.016413
14120.000000 0.016462
14130.000000 0.016651
14140.000000 0.016216
14150.000000 0.015604
14160.000000 0.015610
14170.000000 0.015462
14180.000000 0.014613
14190.000000 0.013905
14200.000000 0.013722
14210.000000 0.013718
14220.000000 0.013613
14230.000000 0.013617
14240.000000 0.013861
14250.000000 0.013758
14260.000000 0.012836
14270.000000 0.011883
14280.000000 0.011474
14290.000000 0.011357
14300.000000 0.011198
14310.000000 0.010850
14320.000000 0.010579
14330.000000 0.010589
14340.000000 0.010512
14350.000000 0.009691
14360.000000 0.008911
14370.000000 0.008972
14380.000000 0.008401
14390.000000 0.007422
14400.000000 0.007079
14410.000000 0.006310
14420.000000 0.005727
14430.000000 0.005967
14440.000000 0.005990
14450.000000 0.005744
14460.000000 0.004736
14470.000000 0.003606
14480.000000 0.003059
14490.000000 0.002447
14500.000000 0.002234
14510.000000 0.002315
14520.000000 0.001698
14530.000000 0.000548
14540.000000 0.000484
14550.000000 0.000793
14560.000000 0.000685
14570.000000 0.000772
14580.000000 0.001851
14590.000000 0.002421
14600.000000 0.003112
14610.000000 0.004072
14620.000000 0.004805
14630.000000 0.005730
14640.000000 0.007014
14650.000000 0.007947
14660.000000 0.008509
14670.000000 0.009105
14680.000000 0.010366
14690.000000 0.011865
14700.000000 0.013095
14710.000000 0.014058
14720.000000 0.015156
14730.000000 0.016137
14740.000000 0.017345
14750.000000 0.019895
14760.000000 0.023190
14770.000000 0.025027
14780.000000 0.026958
14790.000000 0.029211
14800.000000 0.031792
14810.000000 0.034492
14820.000000 0.037798
14830.000000 0.041330
14840.000000 0.045984
14850.000000 0.050242
14860.000000 0.055417
14870.000000 0.060552
14880.000000 0.067543
14890.000000 0.074948
14900.000000 0.086205
14910.000000 0.097469
14920.000000 0.114447
14930.000000 0.131151
14940.000000 0.161590
14950.000000 0.191941
14960.000000 0.262545
14970.000000 0.333493
14980.000000 0.687934
14990.000000 1.333972
15000.000000 1.666609
15010.000000 1.365217
15020.000000 0.727279
15030.000000 0.373213
15040.000000 0.302314
15050.000000 0.231544
15060.000000 0.201089
15070.000000 0.170577
15080.000000 0.153598
15090.000000 0.136900
15100.000000 0.126069
15110.000000 0.115616
15120.000000 0.108576
15130.000000 0.100924
15140.000000 0.095421
15150.000000 0.089922
15160.000000 0.085530
15170.000000 0.081157
15180.000000 0.077716
15190.000000 0.074100
15200.000000 0.071110
15210.000000 0.068565
15220.000000 0.067004
15230.000000 0.064896
15240.000000 0.062063
15250.000000 0.059618
15260.000000 0.058030
15270.000000 0.056726
15280.000000 0.056101
15290.000000 0.055023
15300.000000 0.053463
15310.000000 0.052301
15320.000000 0.051474
15330.000000 0.049887
15340.000000 0.048382
15350.000000 0.047102
15360.000000 0.046095
15370.000000 0.045809
15380.000000 0.045384
15390.000000 0.044471
15400.000000 0.043573
15410.000000 0.042849
15420.000000 0.042248
15430.000000 0.041544
15440.000000 0.041140
15450.000000 0.040401
15460.000000 0.039247
15470.000000 0.038623
15480.000000 0.038359
15490.000000 0.037642
15500.000000 0.037023
15510.000000 0.036799
15520.000000 0.036395
15530.000000 0.035855
15540.000000 0.035695
15550.000000 0.035100
15560.000000 0.034387
15570.000000 0.034371
15580.000000 0.033786
15590.000000 0.033112
15600.000000 0.033277
15610.000000 0.033067
15620.000000 0.032666
15630.000000 0.032228
15640.000000 0.031329
15650.000000 0.030830
15660.000000 0.030911
15670.000000 0.030328
15680.000000 0.029693
15690.000000 0.030067
15700.000000 0.030276
15710.000000 0.029697
15720.000000 0.028773
15730.000000 0.028192
15740.000000 0.028563
15750.000000 0.028948
15760.000000 0.028799
15770.000000 0.028364
15780.000000 0.027590
15790.000000 0.026922
15800.000000 0.026693
15810.000000 0.026482
15820.000000 0.026057
15830.000000 0.025543
15840.000000 0.025190
15850.000000 0.025029
15860.000000 0.024626
15870.000000 0.024200
15880.000000 0.024266
15890.000000 0.024536
15900.000000 0.024396
15910.000000 0.023854
15920.000000 0.023449
15930.000000 0.023469
15940.000000 0.023488
15950.000000 0.022954
15960.000000 0.022560
15970.000000 0.022698
15980.000000 0.022848
15990.000000 0.022814
16000.000000 0.022490
16010.000000 0.021726
16020.000000 0.021124
16030.000000 0.021272
16040.000000 0.021053
16050.000000 0.020139
16060.000000 0.019847
16070.000000 0.020013
16080.000000 0.019763
16090.000000 0.019329
16100.000000 0.018656
16110.000000 0.018098
16120.000000 0.018387
16130.000000 0.018575
16140.000000 0.018422
16150.000000 0.018609
16160.000000 0.018529
16170.000000 0.017945
16180.000000 0.017799
16190.000000 0.018223
16200.000000 0.017584
16210.000000 0.016135
16220.000000 0.016108
16230.000000 0.016560
16240.000000 0.016298
16250.000000 0.016427
16260.000000 0.016610
16270.000000 0.015926
16280.000000 0.015614
16290.000000 0.015577
16300.000000 0.015055
16310.000000 0.014959
16320.000000 0.014588
16330.000000 0.013946
16340.000000 0.013443
16350.000000 0.012868
16360.000000 0.012764
16370.000000 0.012292
16380.000000 0.011542
16390.000000 0.011526
16400.000000 0.011382
16410.000000 0.011252
16420.000000 0.011268
16430.000000 0.010410
16440.000000 0.009424
16450.000000 0.009111
16460.000000 0.009163
16470.000000 0.009160
16480.000000 0.008442
16490.000000 0.007416
16500.000000 0.006862
16510.000000 0.007143
16520.000000 0.006995
16530.000000 0.006142
16540.000000 0.005593
16550.000000 0.005434
16560.000000 0.005115
16570.000000 0.004300
16580.000000 0.003309
16590.000000 0.002780
16600.000000 0.002217
16610.000000 0.001594
16620.000000 0.000880
16630.000000 0.000151
16640.000000 0.000376
16650.000000 0.001355
16660.000000 0.002695
16670.000000 0.003332
16680.000000 0.003728
16690.000000 0.004828
16700.000000 0.006042
16710.000000 0.007184
16720.000000 0.008586
16730.000000 0.009713
16740.000000 0.011055
16750.000000 0.012669
16760.000000 0.014264
16770.000000 0.015751
16780.000000 0.018271
16790.000000 0.020544
16800.000000 0.022737
16810.000000 0.025218
16820.000000 0.028335
16830.000000 0.031485
16840.000000 0.035277
16850.000000 0.038825
16860.000000 0.043428
16870.000000 0.048101
16880.000000 0.054679
16890.000000 0.061429
16900.000000 0.071268
16910.000000 0.080644
16920.000000 0.095084
16930.000000 0.110135
16940.000000 0.137117
16950.000000 0.164230
16960.000000 0.227115
16970.000000 0.289461
16980.000000 0.601500
16990.000000 1.172587
17000.000000 1.471114
17010.000000 1.208029
17020.000000 0.646345
17030.000000 0.334893
17040.000000 0.272766
17050.000000 0.210330
17060.000000 0.183468
17070.000000 0.156733
17080.000000 0.142005
17090.000000 0.127111
17100.000000 0.117296
17110.000000 0.107362
17120.000000 0.100849
17130.000000 0.094309
17140.000000 0.089282
17150.000000 0.084524
17160.000000 0.080987
17170.000000 0.077565
17180.000000 0.074850
17190.000000 0.071777
17200.000000 0.069042
17210.000000 0.066542
17220.000000 0.065158
17230.000000 0.063211
17240.000000 0.060835
17250.000000 0.058803
17260.000000 0.057125
17270.000000 0.055598
17280.000000 0.054508
17290.000000 0.053690
17300.000000 0.052856
17310.000000 0.051656
17320.000000 0.050590
17330.000000 0.049664
17340.000000 0.049093
17350.000000 0.048224
17360.000000 0.047333
17370.000000 0.046790
17380.000000 0.045704
17390.000000 0.044450
17400.000000 0.043884
17410.000000 0.043481
17420.000000 0.042851
17430.000000 0.041782
17440.000000 0.040948
17450.000000 0.040632
17460.000000 0.040644
17470.000000 0.040751
17480.000000 0.040602
17490.000000 0.039907
17500.000000 0.038854
17510.000000 0.038191
17520.000000 0.038342
17530.000000 0.038127
17540.000000 0.037443
17550.000000 0.036880
17560.000000 0.036546
17570.000000 0.036208
17580.000000 0.035793
17590.000000 0.035507
17600.000000 0.035297
17610.000000 0.035104
17620.000000 0.034742
17630.000000 0.034319
17640.000000 0.034075
17650.000000 0.034130
17660.000000 0.034129
17670.000000 0.033677
17680.000000 0.033130
17690.000000 0.032911
17700.000000 0.032619
17710.000000 0.031617
17720.000000 0.031176
17730.000000 0.031511
17740.000000 0.031408
17750.000000 0.031330
17760.000000 0.031198
17770.000000 0.030737
17780.000000 0.030563
17790.000000 0.030236
17800.000000 0.029929
17810.000000 0.029708
17820.000000 0.029288
17830.000000 0.029692
17840.000000 0.029867
17850.000000 0.029249
17860.000000 0.029222
17870.000000 0.028589
17880.000000 0.027442
17890.000000 0.027768
17900.000000 0.028386
17910.000000 0.028253
17920.000000 0.028135
17930.000000 0.027792
17940.000000 0.027188
17950.000000 0.027135
17960.000000 0.027002
17970.000000 0.026649
17980.000000 0.026768
17990.000000 0.026506
18000.000000 0.025450
18010.000000 0.024963
18020.000000 0.025504
18030.000000 0.025865
18040.000000 0.025622
18050.000000 0.025453
18060.000000 0.025303
18070.000000 0.024900
18080.000000 0.024753
18090.000000 0.024289
18100.000000 0.023735
18110.000000 0.024155
18120.000000 0.024203
18130.000000 0.023434
18140.000000 0.023247
18150.000000 0.023530
18160.000000 0.023485
18170.000000 0.023262
18180.000000 0.023056
18190.000000 0.022363
18200.000000 0.021527
18210.000000 0.021732
18220.000000 0.021889
18230.000000 0.021374
18240.000000 0.021238
18250.000000 0.020989
18260.000000 0.020115
18270.000000 0.019810
18280.000000 0.020330
18290.000000 0.020310
18300.000000 0.019990
18310.000000 0.019781
18320.000000 0.019235
18330.000000 0.018944
18340.000000 0.018810
18350.000000 0.018400
18360.000000 0.017568
18370.000000 0.017144
18380.000000 0.017813
18390.000000 0.018057
18400.000000 0.017429
18410.000000 0.016927
18420.000000 0.016730
18430.000000 0.016917
18440.000000 0.017169
18450.000000 0.016775
18460.000000 0.015973
18470.000000 0.015212
18480.000000 0.014774
18490.000000 0.014724
18500.000000 0.014326
18510.000000 0.013814
18520.000000 0.013564
18530.000000 0.012817
18540.000000 0.011946
18550.000000 0.011694
18560.000000 0.011183
18570.000000 0.010527
18580.000000 0.010220
18590.000000 0.009781
18600.000000 0.009288
18610.000000 0.008977
18620.000000 0.008261
18630.000000 0.007606
18640.000000 0.007236
18650.000000 0.006662
18660.000000 0.005702
18670.000000 0.004759
18680.000000 0.003745
18690.000000 0.003044
18700.000000 0.002553
18710.000000 0.001605
18720.000000 0.000499
18730.000000 0.001251
18740.000000 0.002532
18750.000000 0.003978
18760.000000 0.005310
18770.000000 0.006442
18780.000000 0.008282
18790.000000 0.010219
18800.000000 0.012443
18810.000000 0.014630
18820.000000 0.017303
18830.000000 0.019849
18840.000000 0.022907
18850.000000 0.026168
18860.000000 0.030664
18870.000000 0.034983
18880.000000 0.040824
18890.000000 0.046872
18900.000000 0.055222
18910.000000 0.063500
18920.000000 0.077133
18930.000000 0.090559
18940.000000 0.114237
18950.000000 0.138206
18960.000000 0.194170
18970.000000 0.250052
18980.000000 0.529078
18990.000000 1.041836
19000.000000 1.316633
19010.000000 1.088423
19020.000000 0.587028
19030.000000 0.307945
19040.000000 0.252196
19050.000000 0.196337
19060.000000 0.172790
19070.000000 0.149116
19080.000000 0.135459
19090.000000 0.122031
19100.000000 0.113871
19110.000000 0.105412
19120.000000 0.099556
19130.000000 0.093772
19140.000000 0.089392
19150.000000 0.085239
19160.000000 0.081895
19170.000000 0.078311
19180.000000 0.076091
19190.000000 0.073811
19200.000000 0.071422
19210.000000 0.069114
19220.000000 0.067324
19230.000000 0.065634
19240.000000 0.064376
19250.000000 0.062890
19260.000000 0.061360
19270.000000 0.060107
19280.000000 0.059232
19290.000000 0.058299
19300.000000 0.057295
19310.000000 0.056264
19320.000000 0.055395
19330.000000 0.054396
19340.000000 0.053723
19350.000000 0.053094
19360.000000 0.052092
19370.000000 0.051478
19380.000000 0.051352
19390.000000 0.050390
19400.000000 0.049341
19410.000000 0.049055
19420.000000 0.048934
19430.000000 0.048438
19440.000000 0.047861
19450.000000 0.047299
19460.000000 0.046807
19470.000000 0.046466
19480.000000 0.046148
19490.000000 0.045700
19500.000000 0.045147
19510.000000 0.044670
19520.000000 0.044594
19530.000000 0.044606
19540.000000 0.044358
19550.000000 0.044120
19560.000000 0.043900
19570.000000 0.043620
19580.000000 0.043336
19590.000000 0.043088
19600.000000 0.042916
19610.000000 0.042634
19620.000000 0.042289
19630.000000 0.041729
19640.000000 0.041444
19650.000000 0.041529
19660.000000 0.041399
19670.000000 0.041037
19680.000000 0.040597
19690.000000 0.040622
19700.000000 0.041027
19710.000000 0.040907
19720.000000 0.040508
19730.000000 0.040358
19740.000000 0.040388
19750.000000 0.040332
19760.000000 0.040077
19770.000000 0.039870
19780.000000 0.039781
19790.000000 0.039690
19800.000000 0.039500
19810.000000 0.039201
19820.000000 0.039047
19830.000000 0.038989
19840.000000 0.038882
19850.000000 0.038773
19860.000000 0.038684
19870.000000 0.038514
19880.000000 0.038347
19890.000000 0.038274
19900.000000 0.038231
19910.000000 0.038156
19920.000000 0.038099
19930.000000 0.038094
19940.000000 0.038081
19950.000000 0.037931
19960.000000 0.037739
19970.000000 0.037661
19980.000000 0.037616
19990.000000 0.037524
20000.000000 0.037328
20010.000000 0.037262
20020.000000 0.037408
20030.000000 0.037379
20040.000000 0.037247
20050.000000 0.037239
20060.000000 0.037233
20070.000000 0.037171
20080.000000 0.037167
20090.000000 0.037181
20100.000000 0.037095
20110.000000 0.036934
20120.000000 0.036904
20130.000000 0.036962
20140.000000 0.036836
20150.000000 0.036590
20160.000000 0.036500
20170.000000 0.036517
20180.000000 0.036520
20190.000000 0.036521
20200.000000 0.036503
20210.000000 0.036460
20220.000000 0.036440
20230.000000 0.036352
20240.000000 0.036267
20250.000000 0.036293
20260.000000 0.036277
20270.000000 0.036230
20280.000000 0.036238
20290.000000 0.036246
20300.000000 0.036248
20310.000000 0.036188
20320.000000 0.036064
20330.000000 0.036019
20340.000000 0.036094
20350.000000 0.036145
20360.000000 0.036100
20370.000000 0.036051
20380.000000 0.035997
20390.000000 0.035969
20400.000000 0.035962
20410.000000 0.035926
20420.000000 0.035963
20430.000000 0.036032
20440.000000 0.036014
20450.000000 0.035908
20460.000000 0.035890
20470.000000 0.035959
